16 15 7 10 0 3 5 11 0 6 4 9 0 2 0 8
0 9 0 3 0 0 0 4 16 0 2 14 1 12 15 7
8 0 13 6 15 2 0 14 0 7 0 0 0 0 16 11
4 0 0 12 13 0 0 0 1 0 0 0 0 10 5 0
0 5 0 0 16 0 0  0  0 0 7 6 0 0 0 0
15 12 0 0 0 5 13 0 0 0 16 0 7 0 0 6
0 0 0 0 0 4 0 0 0 10 13 0 0 0 8 0
0 3 10 13 7 0 2 8 15 12 11 0 4 9 1 0
1 6 0 14 0 0 0 0 0 0 5 0 10 13 2 0
11 0 5 0 12 0 0 0 0 14 6 0 0 1 7 15
3 0 9 2 0 0 0 0 0 15 1 7 12 0 4 14
0 10 0 16 14 1 6 0 0 0 9 0 0 0 11 5
14 0 0 5 0 0 0 12 0 2 10 11 8 0 6 0
13 8 6 0 0 9 0 0 0 0 0 1 5 11 10 4
0 0 1 0 0 6 8 0 0 5 0 16 15 3 0 0
0 2 3 0 0 11 4 7 0 8 15 0 14 16 12 0
