0 0 0 2 8 3 9 0 0 11 7 14 6 0 0 0
0 10 0 0 11 0 0 0 0 0 0 2 0 0 5 0
6 11 0 4 0 0 0 1 5 0 0 0 7 0 9 16
0 13 0 3 0 0 16 15 6 4 0 0 8 0 10 0
4 14 13 12 1 16 0 0 0 0 8 6 9 10 2 11
0 0 0 0 0 0 5 2 11 7 0 0 0 0 0 0
5 0 0 0 6 13 11 0 0 9 14 12 0 0 0 15
0 9 7 6 0 0 12 0 0 2 0 0 1 5 8 0
0 7 2 15 0 0 4 0 0 12 0 0 16 3 11 0
13 0 0 0 2 15 1 0 0 3 11 7 0 0 0 8
0 0 0 0 0 0 14 8 13 6 0 0 0 0 0 0
8 4 11 5 12 7 0 0 0 0 2 1 15 6 13 10
0 5 0 13 0 0 8 11 16 14 0 0 10 0 3 0
12 16 0 9 0 0 0 6 8 0 0 0 11 0 14 7
0 1 0 0 14 0 0 0 0 0 0 3 0 0 4 0
0 0 0 7 4 9 10 0 0 1 6 11 12 0 0 0
